01.01.2011;1;0;1;0;6;0;2;0.344167;0.363625;0.805833;0.160446;654;331
01.02.2011;1;0;1;0;0;0;2;0.363478;0.353739;0.696087;0.248539;670;131
01.03.2011;1;0;1;0;1;1;1;0.196364;0.189405;0.437273;0.248309;1229;120
01.04.2011;1;0;1;0;2;1;1;0.2;0.212122;0.590435;0.160296;1454;108
01.05.2011;1;0;1;0;3;1;1;0.226957;0.22927;0.436957;0.1869;1518;82
01.06.2011;1;0;1;0;4;1;1;0.204348;0.233209;0.518261;0.0895652;1518;88
01.07.2011;1;0;1;0;5;1;2;0.196522;0.208839;0.498696;0.168726;1362;148
01.08.2011;1;0;1;0;6;0;2;0.165;0.162254;0.535833;0.266804;891;68
01.09.2011;1;0;1;0;0;0;1;0.138333;0.116175;0.434167;0.36195;768;54
01.10.2011;1;0;1;0;1;1;1;0.150833;0.150888;0.482917;0.223267;1280;41
01.11.2011;1;0;1;0;2;1;2;0.169091;0.191464;0.686364;0.122132;1220;43
01.12.2011;1;0;1;0;3;1;1;0.172727;0.160473;0.599545;0.304627;1137;25
1/13/2011;1;0;1;0;4;1;1;0.165;0.150883;0.470417;0.301;1368;38
1/14/2011;1;0;1;0;5;1;1;0.16087;0.188413;0.537826;0.126548;1367;54
1/15/2011;1;0;1;0;6;0;2;0.233333;0.248112;0.49875;0.157963;1026;222
1/16/2011;1;0;1;0;0;0;1;0.231667;0.234217;0.48375;0.188433;953;251
1/17/2011;1;0;1;1;1;0;2;0.175833;0.176771;0.5375;0.194017;883;117
1/18/2011;1;0;1;0;2;1;2;0.216667;0.232333;0.861667;0.146775;674;9
1/19/2011;1;0;1;0;3;1;2;0.292174;0.298422;0.741739;0.208317;1572;78
1/20/2011;1;0;1;0;4;1;2;0.261667;0.25505;0.538333;0.195904;1844;83
1/21/2011;1;0;1;0;5;1;1;0.1775;0.157833;0.457083;0.353242;1468;75
1/22/2011;1;0;1;0;6;0;1;0.0591304;0.0790696;0.4;0.17197;888;93
1/23/2011;1;0;1;0;0;0;1;0.0965217;0.0988391;0.436522;0.2466;836;150
1/24/2011;1;0;1;0;1;1;1;0.0973913;0.11793;0.491739;0.15833;1330;86
1/25/2011;1;0;1;0;2;1;2;0.223478;0.234526;0.616957;0.129796;1799;186
1/26/2011;1;0;1;0;3;1;3;0.2175;0.2036;0.8625;0.29385;472;34
1/27/2011;1;0;1;0;4;1;1;0.195;0.2197;0.6875;0.113837;416;15
1/28/2011;1;0;1;0;5;1;2;0.203478;0.223317;0.793043;0.1233;1129;38
1/29/2011;1;0;1;0;6;0;1;0.196522;0.212126;0.651739;0.145365;975;123
1/30/2011;1;0;1;0;0;0;1;0.216522;0.250322;0.722174;0.0739826;956;140
1/31/2011;1;0;1;0;1;1;2;0.180833;0.18625;0.60375;0.187192;1459;42
02.01.2011;1;0;2;0;2;1;2;0.192174;0.23453;0.829565;0.053213;1313;47
02.02.2011;1;0;2;0;3;1;2;0.26;0.254417;0.775417;0.264308;1454;72
02.03.2011;1;0;2;0;4;1;1;0.186957;0.177878;0.437826;0.277752;1489;61
02.04.2011;1;0;2;0;5;1;2;0.211304;0.228587;0.585217;0.127839;1620;88
02.05.2011;1;0;2;0;6;0;2;0.233333;0.243058;0.929167;0.161079;905;100
02.06.2011;1;0;2;0;0;0;1;0.285833;0.291671;0.568333;0.1418;1269;354
02.07.2011;1;0;2;0;1;1;1;0.271667;0.303658;0.738333;0.0454083;1592;120
02.08.2011;1;0;2;0;2;1;1;0.220833;0.198246;0.537917;0.36195;1466;64
02.09.2011;1;0;2;0;3;1;2;0.134783;0.144283;0.494783;0.188839;1552;53
02.10.2011;1;0;2;0;4;1;1;0.144348;0.149548;0.437391;0.221935;1491;47
02.11.2011;1;0;2;0;5;1;1;0.189091;0.213509;0.506364;0.10855;1597;149
02.12.2011;1;0;2;0;6;0;1;0.2225;0.232954;0.544167;0.203367;1184;288
2/13/2011;1;0;2;0;0;0;1;0.316522;0.324113;0.457391;0.260883;1192;397
2/14/2011;1;0;2;0;1;1;1;0.415;0.39835;0.375833;0.417908;1705;208
2/15/2011;1;0;2;0;2;1;1;0.266087;0.254274;0.314348;0.291374;1675;140
2/16/2011;1;0;2;0;3;1;1;0.318261;0.3162;0.423478;0.251791;1897;218
2/17/2011;1;0;2;0;4;1;1;0.435833;0.428658;0.505;0.230104;2216;259
2/18/2011;1;0;2;0;5;1;1;0.521667;0.511983;0.516667;0.264925;2348;579
2/19/2011;1;0;2;0;6;0;1;0.399167;0.391404;0.187917;0.507463;1103;532
2/20/2011;1;0;2;0;0;0;1;0.285217;0.27733;0.407826;0.223235;1173;639
2/21/2011;1;0;2;1;1;0;2;0.303333;0.284075;0.605;0.307846;912;195
2/22/2011;1;0;2;0;2;1;1;0.182222;0.186033;0.577778;0.195683;1376;74
2/23/2011;1;0;2;0;3;1;1;0.221739;0.245717;0.423043;0.094113;1778;139
2/24/2011;1;0;2;0;4;1;2;0.295652;0.289191;0.697391;0.250496;1707;100
2/25/2011;1;0;2;0;5;1;2;0.364348;0.350461;0.712174;0.346539;1341;120
2/26/2011;1;0;2;0;6;0;1;0.2825;0.282192;0.537917;0.186571;1545;424
2/27/2011;1;0;2;0;0;0;1;0.343478;0.351109;0.68;0.125248;1708;694
2/28/2011;1;0;2;0;1;1;2;0.407273;0.400118;0.876364;0.289686;1365;81
03.01.2011;1;0;3;0;2;1;1;0.266667;0.263879;0.535;0.216425;1714;137
03.02.2011;1;0;3;0;3;1;1;0.335;0.320071;0.449583;0.307833;1903;231
03.03.2011;1;0;3;0;4;1;1;0.198333;0.200133;0.318333;0.225754;1562;123
03.04.2011;1;0;3;0;5;1;2;0.261667;0.255679;0.610417;0.203346;1730;214
03.05.2011;1;0;3;0;6;0;2;0.384167;0.378779;0.789167;0.251871;1437;640
03.06.2011;1;0;3;0;0;0;2;0.376522;0.366252;0.948261;0.343287;491;114
03.07.2011;1;0;3;0;1;1;1;0.261739;0.238461;0.551304;0.341352;1628;244
03.08.2011;1;0;3;0;2;1;1;0.2925;0.3024;0.420833;0.12065;1817;316
03.09.2011;1;0;3;0;3;1;2;0.295833;0.286608;0.775417;0.22015;1700;191
03.10.2011;1;0;3;0;4;1;3;0.389091;0.385668;0;0.261877;577;46
03.11.2011;1;0;3;0;5;1;2;0.316522;0.305;0.649565;0.23297;1730;247
03.12.2011;1;0;3;0;6;0;1;0.329167;0.32575;0.594583;0.220775;1408;724
3/13/2011;1;0;3;0;0;0;1;0.384348;0.380091;0.527391;0.270604;1435;982
3/14/2011;1;0;3;0;1;1;1;0.325217;0.332;0.496957;0.136926;1687;359
3/15/2011;1;0;3;0;2;1;2;0.317391;0.318178;0.655652;0.184309;1767;289
3/16/2011;1;0;3;0;3;1;2;0.365217;0.36693;0.776522;0.203117;1871;321
3/17/2011;1;0;3;0;4;1;1;0.415;0.410333;0.602917;0.209579;2320;424
3/18/2011;1;0;3;0;5;1;1;0.54;0.527009;0.525217;0.231017;2355;884
3/19/2011;1;0;3;0;6;0;1;0.4725;0.466525;0.379167;0.368167;1693;1424
3/20/2011;1;0;3;0;0;0;1;0.3325;0.32575;0.47375;0.207721;1424;1047
3/21/2011;2;0;3;0;1;1;2;0.430435;0.409735;0.737391;0.288783;1676;401
3/22/2011;2;0;3;0;2;1;1;0.441667;0.440642;0.624583;0.22575;2243;460
3/23/2011;2;0;3;0;3;1;2;0.346957;0.337939;0.839565;0.234261;1918;203
3/24/2011;2;0;3;0;4;1;2;0.285;0.270833;0.805833;0.243787;1699;166
3/25/2011;2;0;3;0;5;1;1;0.264167;0.256312;0.495;0.230725;1910;300
3/26/2011;2;0;3;0;6;0;1;0.265833;0.257571;0.394167;0.209571;1515;981
3/27/2011;2;0;3;0;0;0;2;0.253043;0.250339;0.493913;0.1843;1221;472
3/28/2011;2;0;3;0;1;1;1;0.264348;0.257574;0.302174;0.212204;1806;222
3/29/2011;2;0;3;0;2;1;1;0.3025;0.292908;0.314167;0.226996;2108;317
3/30/2011;2;0;3;0;3;1;2;0.3;0.29735;0.646667;0.172888;1368;168
3/31/2011;2;0;3;0;4;1;3;0.268333;0.257575;0.918333;0.217646;1506;179
04.01.2011;2;0;4;0;5;1;2;0.3;0.283454;0.68625;0.258708;1920;307
04.02.2011;2;0;4;0;6;0;2;0.315;0.315637;0.65375;0.197146;1354;898
04.03.2011;2;0;4;0;0;0;1;0.378333;0.378767;0.48;0.182213;1598;1651
04.04.2011;2;0;4;0;1;1;1;0.573333;0.542929;0.42625;0.385571;2381;734
04.05.2011;2;0;4;0;2;1;2;0.414167;0.39835;0.642083;0.388067;1628;167
04.06.2011;2;0;4;0;3;1;1;0.390833;0.387608;0.470833;0.263063;2395;413
04.07.2011;2;0;4;0;4;1;1;0.4375;0.433696;0.602917;0.162312;2570;571
04.08.2011;2;0;4;0;5;1;2;0.335833;0.324479;0.83625;0.226992;1299;172
04.09.2011;2;0;4;0;6;0;2;0.3425;0.341529;0.8775;0.133083;1576;879
04.10.2011;2;0;4;0;0;0;2;0.426667;0.426737;0.8575;0.146767;1707;1188
04.11.2011;2;0;4;0;1;1;2;0.595652;0.565217;0.716956;0.324474;2493;855
04.12.2011;2;0;4;0;2;1;2;0.5025;0.493054;0.739167;0.274879;1777;257
4/13/2011;2;0;4;0;3;1;2;0.4125;0.417283;0.819167;0.250617;1953;209
4/14/2011;2;0;4;0;4;1;1;0.4675;0.462742;0.540417;0.1107;2738;529
4/15/2011;2;0;4;1;5;0;1;0.446667;0.441913;0.67125;0.226375;2484;642
4/16/2011;2;0;4;0;6;0;3;0.430833;0.425492;0.888333;0.340808;674;121
4/17/2011;2;0;4;0;0;0;1;0.456667;0.445696;0.479583;0.303496;2186;1558
4/18/2011;2;0;4;0;1;1;1;0.5125;0.503146;0.5425;0.163567;2760;669
4/19/2011;2;0;4;0;2;1;2;0.505833;0.489258;0.665833;0.157971;2795;409
4/20/2011;2;0;4;0;3;1;1;0.595;0.564392;0.614167;0.241925;3331;613
4/21/2011;2;0;4;0;4;1;1;0.459167;0.453892;0.407083;0.325258;3444;745
4/22/2011;2;0;4;0;5;1;2;0.336667;0.321954;0.729583;0.219521;1506;177
4/23/2011;2;0;4;0;6;0;2;0.46;0.450121;0.887917;0.230725;2574;1462
4/24/2011;2;0;4;0;0;0;2;0.581667;0.551763;0.810833;0.192175;2481;1710
4/25/2011;2;0;4;0;1;1;1;0.606667;0.5745;0.776667;0.185333;3300;773
4/26/2011;2;0;4;0;2;1;1;0.631667;0.594083;0.729167;0.3265;3722;678
4/27/2011;2;0;4;0;3;1;2;0.62;0.575142;0.835417;0.3122;3325;547
4/28/2011;2;0;4;0;4;1;2;0.6175;0.578929;0.700833;0.320908;3489;569
4/29/2011;2;0;4;0;5;1;1;0.51;0.497463;0.457083;0.240063;3717;878
4/30/2011;2;0;4;0;6;0;1;0.4725;0.464021;0.503333;0.235075;3347;1965
05.01.2011;2;0;5;0;0;0;2;0.451667;0.448204;0.762083;0.106354;2213;1138
05.02.2011;2;0;5;0;1;1;2;0.549167;0.532833;0.73;0.183454;3554;847
05.03.2011;2;0;5;0;2;1;2;0.616667;0.582079;0.697083;0.342667;3848;603
05.04.2011;2;0;5;0;3;1;2;0.414167;0.40465;0.737083;0.328996;2378;255
05.05.2011;2;0;5;0;4;1;1;0.459167;0.441917;0.444167;0.295392;3819;614
05.06.2011;2;0;5;0;5;1;1;0.479167;0.474117;0.59;0.228246;3714;894
05.07.2011;2;0;5;0;6;0;1;0.52;0.512621;0.54125;0.16045;3102;1612
05.08.2011;2;0;5;0;0;0;1;0.528333;0.518933;0.631667;0.0746375;2932;1401
05.09.2011;2;0;5;0;1;1;1;0.5325;0.525246;0.58875;0.176;3698;664
05.10.2011;2;0;5;0;2;1;1;0.5325;0.522721;0.489167;0.115671;4109;694
05.11.2011;2;0;5;0;3;1;1;0.5425;0.5284;0.632917;0.120642;3632;550
05.12.2011;2;0;5;0;4;1;1;0.535;0.523363;0.7475;0.189667;4169;695
5/13/2011;2;0;5;0;5;1;2;0.5125;0.4943;0.863333;0.179725;3413;692
5/14/2011;2;0;5;0;6;0;2;0.520833;0.500629;0.9225;0.13495;2507;902
5/15/2011;2;0;5;0;0;0;2;0.5625;0.536;0.867083;0.152979;2971;1582
5/16/2011;2;0;5;0;1;1;1;0.5775;0.550512;0.787917;0.126871;3185;773
5/17/2011;2;0;5;0;2;1;2;0.561667;0.538529;0.837917;0.277354;3445;678
5/18/2011;2;0;5;0;3;1;2;0.55;0.527158;0.87;0.201492;3319;536
5/19/2011;2;0;5;0;4;1;2;0.530833;0.510742;0.829583;0.108213;3840;735
5/20/2011;2;0;5;0;5;1;1;0.536667;0.529042;0.719583;0.125013;4008;909
5/21/2011;2;0;5;0;6;0;1;0.6025;0.571975;0.626667;0.12065;3547;2258
5/22/2011;2;0;5;0;0;0;1;0.604167;0.5745;0.749583;0.148008;3084;1576
5/23/2011;2;0;5;0;1;1;2;0.631667;0.590296;0.81;0.233842;3438;836
5/24/2011;2;0;5;0;2;1;2;0.66;0.604813;0.740833;0.207092;3833;659
5/25/2011;2;0;5;0;3;1;1;0.660833;0.615542;0.69625;0.154233;4238;740
5/26/2011;2;0;5;0;4;1;1;0.708333;0.654688;0.6775;0.199642;3919;758
5/27/2011;2;0;5;0;5;1;1;0.681667;0.637008;0.65375;0.240679;3808;871
5/28/2011;2;0;5;0;6;0;1;0.655833;0.612379;0.729583;0.230092;2757;2001
5/29/2011;2;0;5;0;0;0;1;0.6675;0.61555;0.81875;0.213938;2433;2355
5/30/2011;2;0;5;1;1;0;1;0.733333;0.671092;0.685;0.131225;2549;1549
5/31/2011;2;0;5;0;2;1;1;0.775;0.725383;0.636667;0.111329;3309;673
06.01.2011;2;0;6;0;3;1;2;0.764167;0.720967;0.677083;0.207092;3461;513
06.02.2011;2;0;6;0;4;1;1;0.715;0.643942;0.305;0.292287;4232;736
06.03.2011;2;0;6;0;5;1;1;0.62;0.587133;0.354167;0.253121;4414;898
06.04.2011;2;0;6;0;6;0;1;0.635;0.594696;0.45625;0.123142;3473;1869
06.05.2011;2;0;6;0;0;0;2;0.648333;0.616804;0.6525;0.138692;3221;1685
06.06.2011;2;0;6;0;1;1;1;0.678333;0.621858;0.6;0.121896;3875;673
06.07.2011;2;0;6;0;2;1;1;0.7075;0.65595;0.597917;0.187808;4070;763
06.08.2011;2;0;6;0;3;1;1;0.775833;0.727279;0.622083;0.136817;3725;676
06.09.2011;2;0;6;0;4;1;2;0.808333;0.757579;0.568333;0.149883;3352;563
06.10.2011;2;0;6;0;5;1;1;0.755;0.703292;0.605;0.140554;3771;815
06.11.2011;2;0;6;0;6;0;1;0.725;0.678038;0.654583;0.15485;3237;1729
06.12.2011;2;0;6;0;0;0;1;0.6925;0.643325;0.747917;0.163567;2993;1467
6/13/2011;2;0;6;0;1;1;1;0.635;0.601654;0.494583;0.30535;4157;863
6/14/2011;2;0;6;0;2;1;1;0.604167;0.591546;0.507083;0.269283;4164;727
6/15/2011;2;0;6;0;3;1;1;0.626667;0.587754;0.471667;0.167912;4411;769
6/16/2011;2;0;6;0;4;1;2;0.628333;0.595346;0.688333;0.206471;3222;545
6/17/2011;2;0;6;0;5;1;1;0.649167;0.600383;0.735833;0.143029;3981;863
6/18/2011;2;0;6;0;6;0;1;0.696667;0.643954;0.670417;0.119408;3312;1807
6/19/2011;2;0;6;0;0;0;2;0.699167;0.645846;0.666667;0.102;3105;1639
6/20/2011;2;0;6;0;1;1;2;0.635;0.595346;0.74625;0.155475;3311;699
6/21/2011;3;0;6;0;2;1;2;0.680833;0.637646;0.770417;0.171025;4061;774
6/22/2011;3;0;6;0;3;1;1;0.733333;0.693829;0.7075;0.172262;3846;661
6/23/2011;3;0;6;0;4;1;2;0.728333;0.693833;0.703333;0.238804;4044;746
6/24/2011;3;0;6;0;5;1;1;0.724167;0.656583;0.573333;0.222025;4022;969
6/25/2011;3;0;6;0;6;0;1;0.695;0.643313;0.483333;0.209571;3420;1782
6/26/2011;3;0;6;0;0;0;1;0.68;0.637629;0.513333;0.0945333;3385;1920
6/27/2011;3;0;6;0;1;1;2;0.6825;0.637004;0.658333;0.107588;3854;854
6/28/2011;3;0;6;0;2;1;1;0.744167;0.692558;0.634167;0.144283;3916;732
6/29/2011;3;0;6;0;3;1;1;0.728333;0.654688;0.497917;0.261821;4377;848
6/30/2011;3;0;6;0;4;1;1;0.696667;0.637008;0.434167;0.185312;4488;1027
07.01.2011;3;0;7;0;5;1;1;0.7225;0.652162;0.39625;0.102608;4116;1246
07.02.2011;3;0;7;0;6;0;1;0.738333;0.667308;0.444583;0.115062;2915;2204
07.03.2011;3;0;7;0;0;0;2;0.716667;0.668575;0.6825;0.228858;2367;2282
07.04.2011;3;0;7;1;1;0;2;0.726667;0.665417;0.637917;0.0814792;2978;3065
07.05.2011;3;0;7;0;2;1;1;0.746667;0.696338;0.590417;0.126258;3634;1031
07.06.2011;3;0;7;0;3;1;1;0.72;0.685633;0.743333;0.149883;3845;784
07.07.2011;3;0;7;0;4;1;1;0.75;0.686871;0.65125;0.1592;3838;754
07.08.2011;3;0;7;0;5;1;2;0.709167;0.670483;0.757917;0.225129;3348;692
07.09.2011;3;0;7;0;6;0;1;0.733333;0.664158;0.609167;0.167912;3348;1988
07.10.2011;3;0;7;0;0;0;1;0.7475;0.690025;0.578333;0.183471;3138;1743
07.11.2011;3;0;7;0;1;1;1;0.7625;0.729804;0.635833;0.282337;3363;723
07.12.2011;3;0;7;0;2;1;1;0.794167;0.739275;0.559167;0.200254;3596;662
7/13/2011;3;0;7;0;3;1;1;0.746667;0.689404;0.631667;0.146133;3594;748
7/14/2011;3;0;7;0;4;1;1;0.680833;0.635104;0.47625;0.240667;4196;888
7/15/2011;3;0;7;0;5;1;1;0.663333;0.624371;0.59125;0.182833;4220;1318
7/16/2011;3;0;7;0;6;0;1;0.686667;0.638263;0.585;0.208342;3505;2418
7/17/2011;3;0;7;0;0;0;1;0.719167;0.669833;0.604167;0.245033;3296;2006
7/18/2011;3;0;7;0;1;1;1;0.746667;0.703925;0.65125;0.215804;3617;841
7/19/2011;3;0;7;0;2;1;1;0.776667;0.747479;0.650417;0.1306;3789;752
7/20/2011;3;0;7;0;3;1;1;0.768333;0.74685;0.707083;0.113817;3688;644
7/21/2011;3;0;7;0;4;1;2;0.815;0.826371;0.69125;0.222021;3152;632
7/22/2011;3;0;7;0;5;1;1;0.848333;0.840896;0.580417;0.1331;2825;562
7/23/2011;3;0;7;0;6;0;1;0.849167;0.804287;0.5;0.131221;2298;987
7/24/2011;3;0;7;0;0;0;1;0.83;0.794829;0.550833;0.169171;2556;1050
7/25/2011;3;0;7;0;1;1;1;0.743333;0.720958;0.757083;0.0908083;3272;568
7/26/2011;3;0;7;0;2;1;1;0.771667;0.696979;0.540833;0.200258;3840;750
7/27/2011;3;0;7;0;3;1;1;0.775;0.690667;0.402917;0.183463;3901;755
7/28/2011;3;0;7;0;4;1;1;0.779167;0.7399;0.583333;0.178479;3784;606
7/29/2011;3;0;7;0;5;1;1;0.838333;0.785967;0.5425;0.174138;3176;670
7/30/2011;3;0;7;0;6;0;1;0.804167;0.728537;0.465833;0.168537;2916;1559
7/31/2011;3;0;7;0;0;0;1;0.805833;0.729796;0.480833;0.164813;2778;1524
08.01.2011;3;0;8;0;1;1;1;0.771667;0.703292;0.550833;0.156717;3537;729
08.02.2011;3;0;8;0;2;1;1;0.783333;0.707071;0.49125;0.20585;4044;801
08.03.2011;3;0;8;0;3;1;2;0.731667;0.679937;0.6575;0.135583;3107;467
08.04.2011;3;0;8;0;4;1;2;0.71;0.664788;0.7575;0.19715;3777;799
08.05.2011;3;0;8;0;5;1;1;0.710833;0.656567;0.630833;0.184696;3843;1023
08.06.2011;3;0;8;0;6;0;2;0.716667;0.676154;0.755;0.22825;2773;1521
08.07.2011;3;0;8;0;0;0;1;0.7425;0.715292;0.752917;0.201487;2487;1298
08.08.2011;3;0;8;0;1;1;1;0.765;0.703283;0.592083;0.192175;3480;846
08.09.2011;3;0;8;0;2;1;1;0.775;0.724121;0.570417;0.151121;3695;907
08.10.2011;3;0;8;0;3;1;1;0.766667;0.684983;0.424167;0.200258;3896;884
08.11.2011;3;0;8;0;4;1;1;0.7175;0.651521;0.42375;0.164796;3980;812
08.12.2011;3;0;8;0;5;1;1;0.708333;0.654042;0.415;0.125621;3854;1051
8/13/2011;3;0;8;0;6;0;2;0.685833;0.645858;0.729583;0.211454;2646;1504
8/14/2011;3;0;8;0;0;0;2;0.676667;0.624388;0.8175;0.222633;2482;1338
8/15/2011;3;0;8;0;1;1;1;0.665833;0.616167;0.712083;0.208954;3563;775
8/16/2011;3;0;8;0;2;1;1;0.700833;0.645837;0.578333;0.236329;4004;721
8/17/2011;3;0;8;0;3;1;1;0.723333;0.666671;0.575417;0.143667;4026;668
8/18/2011;3;0;8;0;4;1;1;0.711667;0.662258;0.654583;0.233208;3166;639
8/19/2011;3;0;8;0;5;1;2;0.685;0.633221;0.722917;0.139308;3356;797
8/20/2011;3;0;8;0;6;0;1;0.6975;0.648996;0.674167;0.104467;3277;1914
8/21/2011;3;0;8;0;0;0;1;0.710833;0.675525;0.77;0.248754;2624;1249
8/22/2011;3;0;8;0;1;1;1;0.691667;0.638254;0.47;0.27675;3925;833
8/23/2011;3;0;8;0;2;1;1;0.640833;0.606067;0.455417;0.146763;4614;1281
8/24/2011;3;0;8;0;3;1;1;0.673333;0.630692;0.605;0.253108;4181;949
8/25/2011;3;0;8;0;4;1;2;0.684167;0.645854;0.771667;0.210833;3107;435
8/26/2011;3;0;8;0;5;1;1;0.7;0.659733;0.76125;0.0839625;3893;768
8/27/2011;3;0;8;0;6;0;2;0.68;0.635556;0.85;0.375617;889;226
8/28/2011;3;0;8;0;0;0;1;0.707059;0.647959;0.561765;0.304659;2919;1415
8/29/2011;3;0;8;0;1;1;1;0.636667;0.607958;0.554583;0.159825;3905;729
8/30/2011;3;0;8;0;2;1;1;0.639167;0.594704;0.548333;0.125008;4429;775
8/31/2011;3;0;8;0;3;1;1;0.656667;0.611121;0.597917;0.0833333;4370;688
09.01.2011;3;0;9;0;4;1;1;0.655;0.614921;0.639167;0.141796;4332;783
09.02.2011;3;0;9;0;5;1;2;0.643333;0.604808;0.727083;0.139929;3852;875
09.03.2011;3;0;9;0;6;0;1;0.669167;0.633213;0.716667;0.185325;2549;1935
09.04.2011;3;0;9;0;0;0;1;0.709167;0.665429;0.742083;0.206467;2419;2521
09.05.2011;3;0;9;1;1;0;2;0.673333;0.625646;0.790417;0.212696;2115;1236
09.06.2011;3;0;9;0;2;1;3;0.54;0.5152;0.886957;0.343943;2506;204
09.07.2011;3;0;9;0;3;1;3;0.599167;0.544229;0.917083;0.0970208;1878;118
09.08.2011;3;0;9;0;4;1;3;0.633913;0.555361;0.939565;0.192748;1689;153
09.09.2011;3;0;9;0;5;1;2;0.65;0.578946;0.897917;0.124379;3127;417
09.10.2011;3;0;9;0;6;0;1;0.66;0.607962;0.75375;0.153608;3595;1750
09.11.2011;3;0;9;0;0;0;1;0.653333;0.609229;0.71375;0.115054;3413;1633
09.12.2011;3;0;9;0;1;1;1;0.644348;0.60213;0.692174;0.088913;4023;690
9/13/2011;3;0;9;0;2;1;1;0.650833;0.603554;0.7125;0.141804;4062;701
9/14/2011;3;0;9;0;3;1;1;0.673333;0.6269;0.697083;0.1673;4138;647
9/15/2011;3;0;9;0;4;1;2;0.5775;0.553671;0.709167;0.271146;3231;428
9/16/2011;3;0;9;0;5;1;2;0.469167;0.461475;0.590417;0.164183;4018;742
9/17/2011;3;0;9;0;6;0;2;0.491667;0.478512;0.718333;0.189675;3077;1434
9/18/2011;3;0;9;0;0;0;1;0.5075;0.490537;0.695;0.178483;2921;1353
9/19/2011;3;0;9;0;1;1;2;0.549167;0.529675;0.69;0.151742;3848;691
9/20/2011;3;0;9;0;2;1;2;0.561667;0.532217;0.88125;0.134954;3203;438
9/21/2011;3;0;9;0;3;1;2;0.595;0.550533;0.9;0.0964042;3813;539
9/22/2011;3;0;9;0;4;1;2;0.628333;0.554963;0.902083;0.128125;4240;555
9/23/2011;4;0;9;0;5;1;2;0.609167;0.522125;0.9725;0.0783667;2137;258
9/24/2011;4;0;9;0;6;0;2;0.606667;0.564412;0.8625;0.0783833;3647;1776
9/25/2011;4;0;9;0;0;0;2;0.634167;0.572637;0.845;0.0503792;3466;1544
9/26/2011;4;0;9;0;1;1;2;0.649167;0.589042;0.848333;0.1107;3946;684
9/27/2011;4;0;9;0;2;1;2;0.636667;0.574525;0.885417;0.118171;3643;477
9/28/2011;4;0;9;0;3;1;2;0.635;0.575158;0.84875;0.148629;3427;480
9/29/2011;4;0;9;0;4;1;1;0.616667;0.574512;0.699167;0.172883;4186;653
9/30/2011;4;0;9;0;5;1;1;0.564167;0.544829;0.6475;0.206475;4372;830
10.01.2011;4;0;10;0;6;0;2;0.41;0.412863;0.75375;0.292296;1949;480
10.02.2011;4;0;10;0;0;0;2;0.356667;0.345317;0.791667;0.222013;2302;616
10.03.2011;4;0;10;0;1;1;2;0.384167;0.392046;0.760833;0.0833458;3240;330
10.04.2011;4;0;10;0;2;1;1;0.484167;0.472858;0.71;0.205854;3970;486
10.05.2011;4;0;10;0;3;1;1;0.538333;0.527138;0.647917;0.17725;4267;559
10.06.2011;4;0;10;0;4;1;1;0.494167;0.480425;0.620833;0.134954;4126;639
10.07.2011;4;0;10;0;5;1;1;0.510833;0.504404;0.684167;0.0223917;4036;949
10.08.2011;4;0;10;0;6;0;1;0.521667;0.513242;0.70125;0.0454042;3174;2235
10.09.2011;4;0;10;0;0;0;1;0.540833;0.523983;0.7275;0.06345;3114;2397
10.10.2011;4;0;10;1;1;0;1;0.570833;0.542925;0.73375;0.0423042;3603;1514
10.11.2011;4;0;10;0;2;1;2;0.566667;0.546096;0.80875;0.143042;3896;667
10.12.2011;4;0;10;0;3;1;3;0.543333;0.517717;0.90625;0.24815;2199;217
10/13/2011;4;0;10;0;4;1;2;0.589167;0.551804;0.896667;0.141787;2623;290
10/14/2011;4;0;10;0;5;1;2;0.550833;0.529675;0.71625;0.223883;3115;529
10/15/2011;4;0;10;0;6;0;1;0.506667;0.498725;0.483333;0.258083;3318;1899
10/16/2011;4;0;10;0;0;0;1;0.511667;0.503154;0.486667;0.281717;3293;1748
10/17/2011;4;0;10;0;1;1;1;0.534167;0.510725;0.579583;0.175379;3857;713
10/18/2011;4;0;10;0;2;1;2;0.5325;0.522721;0.701667;0.110087;4111;637
10/19/2011;4;0;10;0;3;1;3;0.541739;0.513848;0.895217;0.243339;2170;254
10/20/2011;4;0;10;0;4;1;1;0.475833;0.466525;0.63625;0.422275;3724;471
10/21/2011;4;0;10;0;5;1;1;0.4275;0.423596;0.574167;0.221396;3628;676
10/22/2011;4;0;10;0;6;0;1;0.4225;0.425492;0.629167;0.0926667;2809;1499
10/23/2011;4;0;10;0;0;0;1;0.421667;0.422333;0.74125;0.0995125;2762;1619
10/24/2011;4;0;10;0;1;1;1;0.463333;0.457067;0.772083;0.118792;3488;699
10/25/2011;4;0;10;0;2;1;1;0.471667;0.463375;0.622917;0.166658;3992;695
10/26/2011;4;0;10;0;3;1;2;0.484167;0.472846;0.720417;0.148642;3490;404
10/27/2011;4;0;10;0;4;1;2;0.47;0.457046;0.812917;0.197763;2419;240
10/28/2011;4;0;10;0;5;1;2;0.330833;0.318812;0.585833;0.229479;3291;456
10/29/2011;4;0;10;0;6;0;3;0.254167;0.227913;0.8825;0.351371;570;57
10/30/2011;4;0;10;0;0;0;1;0.319167;0.321329;0.62375;0.176617;2446;885
10/31/2011;4;0;10;0;1;1;1;0.34;0.356063;0.703333;0.10635;3307;362
11.01.2011;4;0;11;0;2;1;1;0.400833;0.397088;0.68375;0.135571;3658;410
11.02.2011;4;0;11;0;3;1;1;0.3775;0.390133;0.71875;0.0820917;3816;370
11.03.2011;4;0;11;0;4;1;1;0.408333;0.405921;0.702083;0.136817;3656;318
11.04.2011;4;0;11;0;5;1;2;0.403333;0.403392;0.6225;0.271779;3576;470
11.05.2011;4;0;11;0;6;0;1;0.326667;0.323854;0.519167;0.189062;2770;1156
11.06.2011;4;0;11;0;0;0;1;0.348333;0.362358;0.734583;0.0920542;2697;952
11.07.2011;4;0;11;0;1;1;1;0.395;0.400871;0.75875;0.057225;3662;373
11.08.2011;4;0;11;0;2;1;1;0.408333;0.412246;0.721667;0.0690375;3829;376
11.09.2011;4;0;11;0;3;1;1;0.4;0.409079;0.758333;0.0621958;3804;305
11.10.2011;4;0;11;0;4;1;2;0.38;0.373721;0.813333;0.189067;2743;190
11.11.2011;4;0;11;1;5;0;1;0.324167;0.306817;0.44625;0.314675;2928;440
11.12.2011;4;0;11;0;6;0;1;0.356667;0.357942;0.552917;0.212062;2792;1275
11/13/2011;4;0;11;0;0;0;1;0.440833;0.43055;0.458333;0.281721;2713;1004
11/14/2011;4;0;11;0;1;1;1;0.53;0.524612;0.587083;0.306596;3891;595
11/15/2011;4;0;11;0;2;1;2;0.53;0.507579;0.68875;0.199633;3746;449
11/16/2011;4;0;11;0;3;1;3;0.456667;0.451988;0.93;0.136829;1672;145
11/17/2011;4;0;11;0;4;1;2;0.341667;0.323221;0.575833;0.305362;2914;139
11/18/2011;4;0;11;0;5;1;1;0.274167;0.272721;0.41;0.168533;3147;245
11/19/2011;4;0;11;0;6;0;1;0.329167;0.324483;0.502083;0.224496;2720;943
11/20/2011;4;0;11;0;0;0;2;0.463333;0.457058;0.684583;0.18595;2733;787
11/21/2011;4;0;11;0;1;1;3;0.4475;0.445062;0.91;0.138054;2545;220
11/22/2011;4;0;11;0;2;1;3;0.416667;0.421696;0.9625;0.118792;1538;69
11/23/2011;4;0;11;0;3;1;2;0.440833;0.430537;0.757917;0.335825;2454;112
11/24/2011;4;0;11;1;4;0;1;0.373333;0.372471;0.549167;0.167304;935;560
11/25/2011;4;0;11;0;5;1;1;0.375;0.380671;0.64375;0.0988958;1697;1095
11/26/2011;4;0;11;0;6;0;1;0.375833;0.385087;0.681667;0.0684208;1819;1249
11/27/2011;4;0;11;0;0;0;1;0.459167;0.4558;0.698333;0.208954;2261;810
11/28/2011;4;0;11;0;1;1;1;0.503478;0.490122;0.743043;0.142122;3614;253
11/29/2011;4;0;11;0;2;1;2;0.458333;0.451375;0.830833;0.258092;2818;96
11/30/2011;4;0;11;0;3;1;1;0.325;0.311221;0.613333;0.271158;3425;188
12.01.2011;4;0;12;0;4;1;1;0.3125;0.305554;0.524583;0.220158;3545;182
12.02.2011;4;0;12;0;5;1;1;0.314167;0.331433;0.625833;0.100754;3672;268
12.03.2011;4;0;12;0;6;0;1;0.299167;0.310604;0.612917;0.0957833;2908;706
12.04.2011;4;0;12;0;0;0;1;0.330833;0.3491;0.775833;0.0839583;2851;634
12.05.2011;4;0;12;0;1;1;2;0.385833;0.393925;0.827083;0.0622083;3578;233
12.06.2011;4;0;12;0;2;1;3;0.4625;0.4564;0.949583;0.232583;2468;126
12.07.2011;4;0;12;0;3;1;3;0.41;0.400246;0.970417;0.266175;655;50
12.08.2011;4;0;12;0;4;1;1;0.265833;0.256938;0.58;0.240058;3172;150
12.09.2011;4;0;12;0;5;1;1;0.290833;0.317542;0.695833;0.0827167;3359;261
12.10.2011;4;0;12;0;6;0;1;0.275;0.266412;0.5075;0.233221;2688;502
12.11.2011;4;0;12;0;0;0;1;0.220833;0.253154;0.49;0.0665417;2366;377
12.12.2011;4;0;12;0;1;1;1;0.238333;0.270196;0.670833;0.06345;3167;143
12/13/2011;4;0;12;0;2;1;1;0.2825;0.301138;0.59;0.14055;3368;155
12/14/2011;4;0;12;0;3;1;2;0.3175;0.338362;0.66375;0.0609583;3562;178
12/15/2011;4;0;12;0;4;1;2;0.4225;0.412237;0.634167;0.268042;3528;181
12/16/2011;4;0;12;0;5;1;2;0.375;0.359825;0.500417;0.260575;3399;178
12/17/2011;4;0;12;0;6;0;2;0.258333;0.249371;0.560833;0.243167;2464;275
12/18/2011;4;0;12;0;0;0;1;0.238333;0.245579;0.58625;0.169779;2211;220
12/19/2011;4;0;12;0;1;1;1;0.276667;0.280933;0.6375;0.172896;3143;260
12/20/2011;4;0;12;0;2;1;2;0.385833;0.396454;0.595417;0.0615708;3534;216
12/21/2011;1;0;12;0;3;1;2;0.428333;0.428017;0.858333;0.2214;2553;107
12/22/2011;1;0;12;0;4;1;2;0.423333;0.426121;0.7575;0.047275;2841;227
12/23/2011;1;0;12;0;5;1;1;0.373333;0.377513;0.68625;0.274246;2046;163
12/24/2011;1;0;12;0;6;0;1;0.3025;0.299242;0.5425;0.190304;856;155
12/25/2011;1;0;12;0;0;0;1;0.274783;0.279961;0.681304;0.155091;451;303
12/26/2011;1;0;12;1;1;0;1;0.321739;0.315535;0.506957;0.239465;887;430
12/27/2011;1;0;12;0;2;1;2;0.325;0.327633;0.7625;0.18845;1059;103
12/28/2011;1;0;12;0;3;1;1;0.29913;0.279974;0.503913;0.293961;2047;255
12/29/2011;1;0;12;0;4;1;1;0.248333;0.263892;0.574167;0.119412;2169;254
12/30/2011;1;0;12;0;5;1;1;0.311667;0.318812;0.636667;0.134337;2508;491
12/31/2011;1;0;12;0;6;0;1;0.41;0.414121;0.615833;0.220154;1820;665
01.01.2012;1;1;1;0;0;0;1;0.37;0.375621;0.6925;0.192167;1608;686
01.02.2012;1;1;1;1;1;0;1;0.273043;0.252304;0.381304;0.329665;1707;244
01.03.2012;1;1;1;0;2;1;1;0.15;0.126275;0.44125;0.365671;2147;89
01.04.2012;1;1;1;0;3;1;2;0.1075;0.119337;0.414583;0.1847;2273;95
01.05.2012;1;1;1;0;4;1;1;0.265833;0.278412;0.524167;0.129987;3132;140
01.06.2012;1;1;1;0;5;1;1;0.334167;0.340267;0.542083;0.167908;3791;307
01.07.2012;1;1;1;0;6;0;1;0.393333;0.390779;0.531667;0.174758;3451;1070
01.08.2012;1;1;1;0;0;0;1;0.3375;0.340258;0.465;0.191542;2826;599
01.09.2012;1;1;1;0;1;1;2;0.224167;0.247479;0.701667;0.0989;2270;106
01.10.2012;1;1;1;0;2;1;1;0.308696;0.318826;0.646522;0.187552;3425;173
01.11.2012;1;1;1;0;3;1;2;0.274167;0.282821;0.8475;0.131221;2085;92
01.12.2012;1;1;1;0;4;1;2;0.3825;0.381938;0.802917;0.180967;3828;269
1/13/2012;1;1;1;0;5;1;1;0.274167;0.249362;0.5075;0.378108;3040;174
1/14/2012;1;1;1;0;6;0;1;0.18;0.183087;0.4575;0.187183;2160;333
1/15/2012;1;1;1;0;0;0;1;0.166667;0.161625;0.419167;0.251258;2027;284
1/16/2012;1;1;1;1;1;0;1;0.19;0.190663;0.5225;0.231358;2081;217
1/17/2012;1;1;1;0;2;1;2;0.373043;0.364278;0.716087;0.34913;2808;127
1/18/2012;1;1;1;0;3;1;1;0.303333;0.275254;0.443333;0.415429;3267;109
1/19/2012;1;1;1;0;4;1;1;0.19;0.190038;0.4975;0.220158;3162;130
1/20/2012;1;1;1;0;5;1;2;0.2175;0.220958;0.45;0.20275;3048;115
1/21/2012;1;1;1;0;6;0;2;0.173333;0.174875;0.83125;0.222642;1234;67
1/22/2012;1;1;1;0;0;0;2;0.1625;0.16225;0.79625;0.199638;1781;196
1/23/2012;1;1;1;0;1;1;2;0.218333;0.243058;0.91125;0.110708;2287;145
1/24/2012;1;1;1;0;2;1;1;0.3425;0.349108;0.835833;0.123767;3900;439
1/25/2012;1;1;1;0;3;1;1;0.294167;0.294821;0.64375;0.161071;3803;467
1/26/2012;1;1;1;0;4;1;2;0.341667;0.35605;0.769583;0.0733958;3831;244
1/27/2012;1;1;1;0;5;1;2;0.425;0.415383;0.74125;0.342667;3187;269
1/28/2012;1;1;1;0;6;0;1;0.315833;0.326379;0.543333;0.210829;3248;775
1/29/2012;1;1;1;0;0;0;1;0.2825;0.272721;0.31125;0.24005;2685;558
1/30/2012;1;1;1;0;1;1;1;0.269167;0.262625;0.400833;0.215792;3498;126
1/31/2012;1;1;1;0;2;1;1;0.39;0.381317;0.416667;0.261817;4185;324
02.01.2012;1;1;2;0;3;1;1;0.469167;0.466538;0.507917;0.189067;4275;304
02.02.2012;1;1;2;0;4;1;2;0.399167;0.398971;0.672917;0.187187;3571;190
02.03.2012;1;1;2;0;5;1;1;0.313333;0.309346;0.526667;0.178496;3841;310
02.04.2012;1;1;2;0;6;0;2;0.264167;0.272725;0.779583;0.121896;2448;384
02.05.2012;1;1;2;0;0;0;2;0.265833;0.264521;0.687917;0.175996;2629;318
02.06.2012;1;1;2;0;1;1;1;0.282609;0.296426;0.622174;0.1538;3578;206
02.07.2012;1;1;2;0;2;1;1;0.354167;0.361104;0.49625;0.147379;4176;199
02.08.2012;1;1;2;0;3;1;2;0.256667;0.266421;0.722917;0.133721;2693;109
02.09.2012;1;1;2;0;4;1;1;0.265;0.261988;0.562083;0.194037;3667;163
02.10.2012;1;1;2;0;5;1;2;0.280833;0.293558;0.54;0.116929;3604;227
02.11.2012;1;1;2;0;6;0;3;0.224167;0.210867;0.73125;0.289796;1977;192
02.12.2012;1;1;2;0;0;0;1;0.1275;0.101658;0.464583;0.409212;1456;73
2/13/2012;1;1;2;0;1;1;1;0.2225;0.227913;0.41125;0.167283;3328;94
2/14/2012;1;1;2;0;2;1;2;0.319167;0.333946;0.50875;0.141179;3787;135
2/15/2012;1;1;2;0;3;1;1;0.348333;0.351629;0.53125;0.1816;4028;141
2/16/2012;1;1;2;0;4;1;2;0.316667;0.330162;0.752917;0.091425;2931;74
2/17/2012;1;1;2;0;5;1;1;0.343333;0.351629;0.634583;0.205846;3805;349
2/18/2012;1;1;2;0;6;0;1;0.346667;0.355425;0.534583;0.190929;2883;1435
2/19/2012;1;1;2;0;0;0;2;0.28;0.265788;0.515833;0.253112;2071;618
2/20/2012;1;1;2;1;1;0;1;0.28;0.273391;0.507826;0.229083;2627;502
2/21/2012;1;1;2;0;2;1;1;0.287826;0.295113;0.594348;0.205717;3614;163
2/22/2012;1;1;2;0;3;1;1;0.395833;0.392667;0.567917;0.234471;4379;394
2/23/2012;1;1;2;0;4;1;1;0.454167;0.444446;0.554583;0.190913;4546;516
2/24/2012;1;1;2;0;5;1;2;0.4075;0.410971;0.7375;0.237567;3241;246
2/25/2012;1;1;2;0;6;0;1;0.290833;0.255675;0.395833;0.421642;2415;317
2/26/2012;1;1;2;0;0;0;1;0.279167;0.268308;0.41;0.205229;2874;515
2/27/2012;1;1;2;0;1;1;1;0.366667;0.357954;0.490833;0.268033;4069;253
2/28/2012;1;1;2;0;2;1;1;0.359167;0.353525;0.395833;0.193417;4134;229
2/29/2012;1;1;2;0;3;1;2;0.344348;0.34847;0.804783;0.179117;1769;65
03.01.2012;1;1;3;0;4;1;1;0.485833;0.475371;0.615417;0.226987;4665;325
03.02.2012;1;1;3;0;5;1;2;0.353333;0.359842;0.657083;0.144904;2948;246
03.03.2012;1;1;3;0;6;0;2;0.414167;0.413492;0.62125;0.161079;3110;956
03.04.2012;1;1;3;0;0;0;1;0.325833;0.303021;0.403333;0.334571;2713;710
03.05.2012;1;1;3;0;1;1;1;0.243333;0.241171;0.50625;0.228858;3130;203
03.06.2012;1;1;3;0;2;1;1;0.258333;0.255042;0.456667;0.200875;3735;221
03.07.2012;1;1;3;0;3;1;1;0.404167;0.3851;0.513333;0.345779;4484;432
03.08.2012;1;1;3;0;4;1;1;0.5275;0.524604;0.5675;0.441563;4896;486
03.09.2012;1;1;3;0;5;1;2;0.410833;0.397083;0.407083;0.4148;4122;447
03.10.2012;1;1;3;0;6;0;1;0.2875;0.277767;0.350417;0.22575;3150;968
03.11.2012;1;1;3;0;0;0;1;0.361739;0.35967;0.476957;0.222587;3253;1658
03.12.2012;1;1;3;0;1;1;1;0.466667;0.459592;0.489167;0.207713;4460;838
3/13/2012;1;1;3;0;2;1;1;0.565;0.542929;0.6175;0.23695;5085;762
3/14/2012;1;1;3;0;3;1;1;0.5725;0.548617;0.507083;0.115062;5315;997
3/15/2012;1;1;3;0;4;1;1;0.5575;0.532825;0.579583;0.149883;5187;1005
3/16/2012;1;1;3;0;5;1;2;0.435833;0.436229;0.842083;0.113192;3830;548
3/17/2012;1;1;3;0;6;0;2;0.514167;0.505046;0.755833;0.110704;4681;3155
3/18/2012;1;1;3;0;0;0;2;0.4725;0.464;0.81;0.126883;3685;2207
3/19/2012;1;1;3;0;1;1;1;0.545;0.532821;0.72875;0.162317;5171;982
3/20/2012;1;1;3;0;2;1;1;0.560833;0.538533;0.807917;0.121271;5042;1051
3/21/2012;2;1;3;0;3;1;2;0.531667;0.513258;0.82125;0.0895583;5108;1122
3/22/2012;2;1;3;0;4;1;1;0.554167;0.531567;0.83125;0.117562;5537;1334
3/23/2012;2;1;3;0;5;1;2;0.601667;0.570067;0.694167;0.1163;5893;2469
3/24/2012;2;1;3;0;6;0;2;0.5025;0.486733;0.885417;0.192783;2339;1033
3/25/2012;2;1;3;0;0;0;2;0.4375;0.437488;0.880833;0.220775;3464;1532
3/26/2012;2;1;3;0;1;1;1;0.445833;0.43875;0.477917;0.386821;4763;795
3/27/2012;2;1;3;0;2;1;1;0.323333;0.315654;0.29;0.187192;4571;531
3/28/2012;2;1;3;0;3;1;1;0.484167;0.47095;0.48125;0.291671;5024;674
3/29/2012;2;1;3;0;4;1;1;0.494167;0.482304;0.439167;0.31965;5299;834
3/30/2012;2;1;3;0;5;1;2;0.37;0.375621;0.580833;0.138067;4663;796
3/31/2012;2;1;3;0;6;0;2;0.424167;0.421708;0.738333;0.250617;3934;2301
04.01.2012;2;1;4;0;0;0;2;0.425833;0.417287;0.67625;0.172267;3694;2347
04.02.2012;2;1;4;0;1;1;1;0.433913;0.427513;0.504348;0.312139;4728;1208
04.03.2012;2;1;4;0;2;1;1;0.466667;0.461483;0.396667;0.100133;5424;1348
04.04.2012;2;1;4;0;3;1;1;0.541667;0.53345;0.469583;0.180975;5378;1058
04.05.2012;2;1;4;0;4;1;1;0.435;0.431163;0.374167;0.219529;5265;1192
04.06.2012;2;1;4;0;5;1;1;0.403333;0.390767;0.377083;0.300388;4653;1807
04.07.2012;2;1;4;0;6;0;1;0.4375;0.426129;0.254167;0.274871;3605;3252
04.08.2012;2;1;4;0;0;0;1;0.5;0.492425;0.275833;0.232596;2939;2230
04.09.2012;2;1;4;0;1;1;1;0.489167;0.476638;0.3175;0.358196;4680;905
04.10.2012;2;1;4;0;2;1;1;0.446667;0.436233;0.435;0.249375;5099;819
04.11.2012;2;1;4;0;3;1;1;0.348696;0.337274;0.469565;0.295274;4380;482
04.12.2012;2;1;4;0;4;1;1;0.3975;0.387604;0.46625;0.290429;4746;663
4/13/2012;2;1;4;0;5;1;1;0.4425;0.431808;0.408333;0.155471;5146;1252
4/14/2012;2;1;4;0;6;0;1;0.495;0.487996;0.502917;0.190917;4665;2795
4/15/2012;2;1;4;0;0;0;1;0.606667;0.573875;0.507917;0.225129;4286;2846
4/16/2012;2;1;4;1;1;0;1;0.664167;0.614925;0.561667;0.284829;5172;1198
4/17/2012;2;1;4;0;2;1;1;0.608333;0.598487;0.390417;0.273629;5702;989
4/18/2012;2;1;4;0;3;1;2;0.463333;0.457038;0.569167;0.167912;4020;347
4/19/2012;2;1;4;0;4;1;1;0.498333;0.493046;0.6125;0.0659292;5719;846
4/20/2012;2;1;4;0;5;1;1;0.526667;0.515775;0.694583;0.149871;5950;1340
4/21/2012;2;1;4;0;6;0;1;0.57;0.542921;0.682917;0.283587;4083;2541
4/22/2012;2;1;4;0;0;0;3;0.396667;0.389504;0.835417;0.344546;907;120
4/23/2012;2;1;4;0;1;1;2;0.321667;0.301125;0.766667;0.303496;3019;195
4/24/2012;2;1;4;0;2;1;1;0.413333;0.405283;0.454167;0.249383;5115;518
4/25/2012;2;1;4;0;3;1;1;0.476667;0.470317;0.427917;0.118792;5541;655
4/26/2012;2;1;4;0;4;1;2;0.498333;0.483583;0.756667;0.176625;4551;475
4/27/2012;2;1;4;0;5;1;1;0.4575;0.452637;0.400833;0.347633;5219;1014
4/28/2012;2;1;4;0;6;0;2;0.376667;0.377504;0.489583;0.129975;3100;1120
4/29/2012;2;1;4;0;0;0;1;0.458333;0.450121;0.587083;0.116908;4075;2229
4/30/2012;2;1;4;0;1;1;2;0.464167;0.457696;0.57;0.171638;4907;665
05.01.2012;2;1;5;0;2;1;2;0.613333;0.577021;0.659583;0.156096;5087;653
05.02.2012;2;1;5;0;3;1;1;0.564167;0.537896;0.797083;0.138058;5502;667
05.03.2012;2;1;5;0;4;1;2;0.56;0.537242;0.768333;0.133696;5657;764
05.04.2012;2;1;5;0;5;1;1;0.6275;0.590917;0.735417;0.162938;5227;1069
05.05.2012;2;1;5;0;6;0;2;0.621667;0.584608;0.756667;0.152992;4387;2496
05.06.2012;2;1;5;0;0;0;2;0.5625;0.546737;0.74;0.149879;4224;2135
05.07.2012;2;1;5;0;1;1;2;0.5375;0.527142;0.664167;0.230721;5265;1008
05.08.2012;2;1;5;0;2;1;2;0.581667;0.557471;0.685833;0.296029;4990;738
05.09.2012;2;1;5;0;3;1;2;0.575;0.553025;0.744167;0.216412;4097;620
05.10.2012;2;1;5;0;4;1;1;0.505833;0.491783;0.552083;0.314063;5546;1026
05.11.2012;2;1;5;0;5;1;1;0.533333;0.520833;0.360417;0.236937;5711;1319
05.12.2012;2;1;5;0;6;0;1;0.564167;0.544817;0.480417;0.123133;4807;2622
5/13/2012;2;1;5;0;0;0;1;0.6125;0.585238;0.57625;0.225117;3946;2172
5/14/2012;2;1;5;0;1;1;2;0.573333;0.5499;0.789583;0.212692;2501;342
5/15/2012;2;1;5;0;2;1;2;0.611667;0.576404;0.794583;0.147392;4490;625
5/16/2012;2;1;5;0;3;1;1;0.636667;0.595975;0.697917;0.122512;6433;991
5/17/2012;2;1;5;0;4;1;1;0.593333;0.572613;0.52;0.229475;6142;1242
5/18/2012;2;1;5;0;5;1;1;0.564167;0.551121;0.523333;0.136817;6118;1521
5/19/2012;2;1;5;0;6;0;1;0.6;0.566908;0.45625;0.083975;4884;3410
5/20/2012;2;1;5;0;0;0;1;0.620833;0.583967;0.530417;0.254367;4425;2704
5/21/2012;2;1;5;0;1;1;2;0.598333;0.565667;0.81125;0.233204;3729;630
5/22/2012;2;1;5;0;2;1;2;0.615;0.580825;0.765833;0.118167;5254;819
5/23/2012;2;1;5;0;3;1;2;0.621667;0.584612;0.774583;0.102;4494;766
5/24/2012;2;1;5;0;4;1;1;0.655;0.6067;0.716667;0.172896;5711;1059
5/25/2012;2;1;5;0;5;1;1;0.68;0.627529;0.747083;0.14055;5317;1417
5/26/2012;2;1;5;0;6;0;1;0.6925;0.642696;0.7325;0.198992;3681;2855
5/27/2012;2;1;5;0;0;0;1;0.69;0.641425;0.697083;0.215171;3308;3283
5/28/2012;2;1;5;1;1;0;1;0.7125;0.6793;0.67625;0.196521;3486;2557
5/29/2012;2;1;5;0;2;1;1;0.7225;0.672992;0.684583;0.2954;4863;880
5/30/2012;2;1;5;0;3;1;2;0.656667;0.611129;0.67;0.134329;6110;745
5/31/2012;2;1;5;0;4;1;1;0.68;0.631329;0.492917;0.195279;6238;1100
06.01.2012;2;1;6;0;5;1;2;0.654167;0.607962;0.755417;0.237563;3594;533
06.02.2012;2;1;6;0;6;0;1;0.583333;0.566288;0.549167;0.186562;5325;2795
06.03.2012;2;1;6;0;0;0;1;0.6025;0.575133;0.493333;0.184087;5147;2494
06.04.2012;2;1;6;0;1;1;1;0.5975;0.578283;0.487083;0.284833;5927;1071
06.05.2012;2;1;6;0;2;1;2;0.540833;0.525892;0.613333;0.209575;6033;968
06.06.2012;2;1;6;0;3;1;1;0.554167;0.542292;0.61125;0.077125;6028;1027
06.07.2012;2;1;6;0;4;1;1;0.6025;0.569442;0.567083;0.15735;6456;1038
06.08.2012;2;1;6;0;5;1;1;0.649167;0.597862;0.467917;0.175383;6248;1488
06.09.2012;2;1;6;0;6;0;1;0.710833;0.648367;0.437083;0.144287;4790;2708
06.10.2012;2;1;6;0;0;0;1;0.726667;0.663517;0.538333;0.133721;4374;2224
06.11.2012;2;1;6;0;1;1;2;0.720833;0.659721;0.587917;0.207713;5647;1017
06.12.2012;2;1;6;0;2;1;2;0.653333;0.597875;0.833333;0.214546;4495;477
6/13/2012;2;1;6;0;3;1;1;0.655833;0.611117;0.582083;0.343279;6248;1173
6/14/2012;2;1;6;0;4;1;1;0.648333;0.624383;0.569583;0.253733;6183;1180
6/15/2012;2;1;6;0;5;1;1;0.639167;0.599754;0.589583;0.176617;6102;1563
6/16/2012;2;1;6;0;6;0;1;0.631667;0.594708;0.504167;0.166667;4739;2963
6/17/2012;2;1;6;0;0;0;1;0.5925;0.571975;0.59875;0.144904;4344;2634
6/18/2012;2;1;6;0;1;1;2;0.568333;0.544842;0.777917;0.174746;4446;653
6/19/2012;2;1;6;0;2;1;1;0.688333;0.654692;0.69;0.148017;5857;968
6/20/2012;2;1;6;0;3;1;1;0.7825;0.720975;0.592083;0.113812;5339;872
6/21/2012;3;1;6;0;4;1;1;0.805833;0.752542;0.567917;0.118787;5127;778
6/22/2012;3;1;6;0;5;1;1;0.7775;0.724121;0.57375;0.182842;4859;964
6/23/2012;3;1;6;0;6;0;1;0.731667;0.652792;0.534583;0.179721;4801;2657
6/24/2012;3;1;6;0;0;0;1;0.743333;0.674254;0.479167;0.145525;4340;2551
6/25/2012;3;1;6;0;1;1;1;0.715833;0.654042;0.504167;0.300383;5640;1139
6/26/2012;3;1;6;0;2;1;1;0.630833;0.594704;0.373333;0.347642;6365;1077
6/27/2012;3;1;6;0;3;1;1;0.6975;0.640792;0.36;0.271775;6258;1077
6/28/2012;3;1;6;0;4;1;1;0.749167;0.675512;0.4225;0.17165;5958;921
6/29/2012;3;1;6;0;5;1;1;0.834167;0.786613;0.48875;0.165417;4634;829
6/30/2012;3;1;6;0;6;0;1;0.765;0.687508;0.60125;0.161071;4232;1455
07.01.2012;3;1;7;0;0;0;1;0.815833;0.750629;0.51875;0.168529;4110;1421
07.02.2012;3;1;7;0;1;1;1;0.781667;0.702038;0.447083;0.195267;5323;904
07.03.2012;3;1;7;0;2;1;1;0.780833;0.70265;0.492083;0.126237;5608;1052
07.04.2012;3;1;7;1;3;0;1;0.789167;0.732337;0.53875;0.13495;4841;2562
07.05.2012;3;1;7;0;4;1;1;0.8275;0.761367;0.457917;0.194029;4836;1405
07.06.2012;3;1;7;0;5;1;1;0.828333;0.752533;0.450833;0.146142;4841;1366
07.07.2012;3;1;7;0;6;0;1;0.861667;0.804913;0.492083;0.163554;3392;1448
07.08.2012;3;1;7;0;0;0;1;0.8225;0.790396;0.57375;0.125629;3469;1203
07.09.2012;3;1;7;0;1;1;2;0.710833;0.654054;0.683333;0.180975;5571;998
07.10.2012;3;1;7;0;2;1;2;0.720833;0.664796;0.6675;0.151737;5336;954
07.11.2012;3;1;7;0;3;1;1;0.716667;0.650271;0.633333;0.151733;6289;975
07.12.2012;3;1;7;0;4;1;1;0.715833;0.654683;0.529583;0.146775;6414;1032
7/13/2012;3;1;7;0;5;1;2;0.731667;0.667933;0.485833;0.08085;5988;1511
7/14/2012;3;1;7;0;6;0;2;0.703333;0.666042;0.699167;0.143679;4614;2355
7/15/2012;3;1;7;0;0;0;1;0.745833;0.705196;0.717917;0.166667;4111;1920
7/16/2012;3;1;7;0;1;1;1;0.763333;0.724125;0.645;0.164187;5742;1088
7/17/2012;3;1;7;0;2;1;1;0.818333;0.755683;0.505833;0.114429;5865;921
7/18/2012;3;1;7;0;3;1;1;0.793333;0.745583;0.577083;0.137442;4914;799
7/19/2012;3;1;7;0;4;1;1;0.77;0.714642;0.600417;0.165429;5703;888
7/20/2012;3;1;7;0;5;1;2;0.665833;0.613025;0.844167;0.208967;5123;747
7/21/2012;3;1;7;0;6;0;3;0.595833;0.549912;0.865417;0.2133;3195;1264
7/22/2012;3;1;7;0;0;0;2;0.6675;0.623125;0.7625;0.0939208;4866;2544
7/23/2012;3;1;7;0;1;1;1;0.741667;0.690017;0.694167;0.138683;5831;1135
7/24/2012;3;1;7;0;2;1;1;0.750833;0.70645;0.655;0.211454;6452;1140
7/25/2012;3;1;7;0;3;1;1;0.724167;0.654054;0.45;0.1648;6790;1383
7/26/2012;3;1;7;0;4;1;1;0.776667;0.739263;0.596667;0.284813;5825;1036
7/27/2012;3;1;7;0;5;1;1;0.781667;0.734217;0.594583;0.152992;5645;1259
7/28/2012;3;1;7;0;6;0;1;0.755833;0.697604;0.613333;0.15735;4451;2234
7/29/2012;3;1;7;0;0;0;1;0.721667;0.667933;0.62375;0.170396;4444;2153
7/30/2012;3;1;7;0;1;1;1;0.730833;0.684987;0.66875;0.153617;6065;1040
7/31/2012;3;1;7;0;2;1;1;0.713333;0.662896;0.704167;0.165425;6248;968
08.01.2012;3;1;8;0;3;1;1;0.7175;0.667308;0.6775;0.141179;6506;1074
08.02.2012;3;1;8;0;4;1;1;0.7525;0.707088;0.659583;0.129354;6278;983
08.03.2012;3;1;8;0;5;1;2;0.765833;0.722867;0.6425;0.215792;5847;1328
08.04.2012;3;1;8;0;6;0;1;0.793333;0.751267;0.613333;0.257458;4479;2345
08.05.2012;3;1;8;0;0;0;1;0.769167;0.731079;0.6525;0.290421;3757;1707
08.06.2012;3;1;8;0;1;1;2;0.7525;0.710246;0.654167;0.129354;5780;1233
08.07.2012;3;1;8;0;2;1;2;0.735833;0.697621;0.70375;0.116908;5995;1278
08.08.2012;3;1;8;0;3;1;2;0.75;0.707717;0.672917;0.1107;6271;1263
08.09.2012;3;1;8;0;4;1;1;0.755833;0.699508;0.620417;0.1561;6090;1196
08.10.2012;3;1;8;0;5;1;2;0.715833;0.667942;0.715833;0.238813;4721;1065
08.11.2012;3;1;8;0;6;0;2;0.6925;0.638267;0.732917;0.206479;4052;2247
08.12.2012;3;1;8;0;0;0;1;0.700833;0.644579;0.530417;0.122512;4362;2182
8/13/2012;3;1;8;0;1;1;1;0.720833;0.662254;0.545417;0.136212;5676;1207
8/14/2012;3;1;8;0;2;1;1;0.726667;0.676779;0.686667;0.169158;5656;1128
8/15/2012;3;1;8;0;3;1;1;0.706667;0.654037;0.619583;0.169771;6149;1198
8/16/2012;3;1;8;0;4;1;1;0.719167;0.654688;0.519167;0.141796;6267;1338
8/17/2012;3;1;8;0;5;1;1;0.723333;0.2424;0.570833;0.231354;5665;1483
8/18/2012;3;1;8;0;6;0;1;0.678333;0.618071;0.603333;0.177867;5038;2827
8/19/2012;3;1;8;0;0;0;2;0.635833;0.603554;0.711667;0.08645;3341;1208
8/20/2012;3;1;8;0;1;1;2;0.635833;0.595967;0.734167;0.129979;5504;1026
8/21/2012;3;1;8;0;2;1;1;0.649167;0.601025;0.67375;0.0727708;5925;1081
8/22/2012;3;1;8;0;3;1;1;0.6675;0.621854;0.677083;0.0702833;6281;1094
8/23/2012;3;1;8;0;4;1;1;0.695833;0.637008;0.635833;0.0845958;6402;1363
8/24/2012;3;1;8;0;5;1;2;0.7025;0.6471;0.615;0.0721458;6257;1325
8/25/2012;3;1;8;0;6;0;2;0.661667;0.618696;0.712917;0.244408;4224;1829
8/26/2012;3;1;8;0;0;0;2;0.653333;0.595996;0.845833;0.228858;3772;1483
8/27/2012;3;1;8;0;1;1;1;0.703333;0.654688;0.730417;0.128733;5928;989
8/28/2012;3;1;8;0;2;1;1;0.728333;0.66605;0.62;0.190925;6105;935
8/29/2012;3;1;8;0;3;1;1;0.685;0.635733;0.552083;0.112562;6520;1177
8/30/2012;3;1;8;0;4;1;1;0.706667;0.652779;0.590417;0.0771167;6541;1172
8/31/2012;3;1;8;0;5;1;1;0.764167;0.6894;0.5875;0.168533;5917;1433
09.01.2012;3;1;9;0;6;0;2;0.753333;0.702654;0.638333;0.113187;3788;2352
09.02.2012;3;1;9;0;0;0;2;0.696667;0.649;0.815;0.0640708;3197;2613
09.03.2012;3;1;9;1;1;0;1;0.7075;0.661629;0.790833;0.151121;4069;1965
09.04.2012;3;1;9;0;2;1;1;0.725833;0.686888;0.755;0.236321;5997;867
09.05.2012;3;1;9;0;3;1;1;0.736667;0.708983;0.74125;0.187808;6280;832
09.06.2012;3;1;9;0;4;1;2;0.696667;0.655329;0.810417;0.142421;5592;611
09.07.2012;3;1;9;0;5;1;1;0.703333;0.657204;0.73625;0.171646;6459;1045
09.08.2012;3;1;9;0;6;0;2;0.659167;0.611121;0.799167;0.281104;4419;1557
09.09.2012;3;1;9;0;0;0;1;0.61;0.578925;0.5475;0.224496;5657;2570
09.10.2012;3;1;9;0;1;1;1;0.583333;0.565654;0.50375;0.258713;6407;1118
09.11.2012;3;1;9;0;2;1;1;0.5775;0.554292;0.52;0.0920542;6697;1070
09.12.2012;3;1;9;0;3;1;1;0.599167;0.570075;0.577083;0.131846;6820;1050
9/13/2012;3;1;9;0;4;1;1;0.6125;0.579558;0.637083;0.0827208;6750;1054
9/14/2012;3;1;9;0;5;1;1;0.633333;0.594083;0.6725;0.103863;6630;1379
9/15/2012;3;1;9;0;6;0;1;0.608333;0.585867;0.501667;0.247521;5554;3160
9/16/2012;3;1;9;0;0;0;1;0.58;0.563125;0.57;0.0901833;5167;2166
9/17/2012;3;1;9;0;1;1;2;0.580833;0.55305;0.734583;0.151742;5847;1022
9/18/2012;3;1;9;0;2;1;2;0.623333;0.565067;0.8725;0.357587;3702;371
9/19/2012;3;1;9;0;3;1;1;0.5525;0.540404;0.536667;0.215175;6803;788
9/20/2012;3;1;9;0;4;1;1;0.546667;0.532192;0.618333;0.118167;6781;939
9/21/2012;3;1;9;0;5;1;1;0.599167;0.571971;0.66875;0.154229;6917;1250
9/22/2012;3;1;9;0;6;0;1;0.65;0.610488;0.646667;0.283583;5883;2512
9/23/2012;4;1;9;0;0;0;1;0.529167;0.518933;0.467083;0.223258;5453;2454
9/24/2012;4;1;9;0;1;1;1;0.514167;0.502513;0.492917;0.142404;6435;1001
9/25/2012;4;1;9;0;2;1;1;0.55;0.544179;0.57;0.236321;6693;845
9/26/2012;4;1;9;0;3;1;1;0.635;0.596613;0.630833;0.2444;6946;787
9/27/2012;4;1;9;0;4;1;2;0.65;0.607975;0.690833;0.134342;6642;751
9/28/2012;4;1;9;0;5;1;2;0.619167;0.585863;0.69;0.164179;6370;1045
9/29/2012;4;1;9;0;6;0;1;0.5425;0.530296;0.542917;0.227604;5966;2589
9/30/2012;4;1;9;0;0;0;1;0.526667;0.517663;0.583333;0.134958;4874;2015
10.01.2012;4;1;10;0;1;1;2;0.520833;0.512;0.649167;0.0908042;6015;763
10.02.2012;4;1;10;0;2;1;3;0.590833;0.542333;0.871667;0.104475;4324;315
10.03.2012;4;1;10;0;3;1;2;0.6575;0.599133;0.79375;0.0665458;6844;728
10.04.2012;4;1;10;0;4;1;2;0.6575;0.607975;0.722917;0.117546;6437;891
10.05.2012;4;1;10;0;5;1;1;0.615;0.580187;0.6275;0.10635;6640;1516
10.06.2012;4;1;10;0;6;0;1;0.554167;0.538521;0.664167;0.268025;4934;3031
10.07.2012;4;1;10;0;0;0;2;0.415833;0.419813;0.708333;0.141162;2729;781
10.08.2012;4;1;10;1;1;0;2;0.383333;0.387608;0.709583;0.189679;4604;874
10.09.2012;4;1;10;0;2;1;2;0.446667;0.438112;0.761667;0.1903;5791;601
10.10.2012;4;1;10;0;3;1;1;0.514167;0.503142;0.630833;0.187821;6911;780
10.11.2012;4;1;10;0;4;1;1;0.435;0.431167;0.463333;0.181596;6736;834
10.12.2012;4;1;10;0;5;1;1;0.4375;0.433071;0.539167;0.235092;6222;1060
10/13/2012;4;1;10;0;6;0;1;0.393333;0.391396;0.494583;0.146142;4857;2252
10/14/2012;4;1;10;0;0;0;1;0.521667;0.508204;0.640417;0.278612;4559;2080
10/15/2012;4;1;10;0;1;1;2;0.561667;0.53915;0.7075;0.296037;5115;760
10/16/2012;4;1;10;0;2;1;1;0.468333;0.460846;0.558333;0.182221;6612;922
10/17/2012;4;1;10;0;3;1;1;0.455833;0.450108;0.692917;0.101371;6482;979
10/18/2012;4;1;10;0;4;1;2;0.5225;0.512625;0.728333;0.236937;6501;1008
10/19/2012;4;1;10;0;5;1;2;0.563333;0.537896;0.815;0.134954;4671;753
10/20/2012;4;1;10;0;6;0;1;0.484167;0.472842;0.572917;0.117537;5284;2806
10/21/2012;4;1;10;0;0;0;1;0.464167;0.456429;0.51;0.166054;4692;2132
10/22/2012;4;1;10;0;1;1;1;0.4875;0.482942;0.568333;0.0814833;6228;830
10/23/2012;4;1;10;0;2;1;1;0.544167;0.530304;0.641667;0.0945458;6625;841
10/24/2012;4;1;10;0;3;1;1;0.5875;0.558721;0.63625;0.0727792;6898;795
10/25/2012;4;1;10;0;4;1;2;0.55;0.529688;0.800417;0.124375;6484;875
10/26/2012;4;1;10;0;5;1;2;0.545833;0.52275;0.807083;0.132467;6262;1182
10/27/2012;4;1;10;0;6;0;2;0.53;0.515133;0.72;0.235692;5209;2643
10/28/2012;4;1;10;0;0;0;2;0.4775;0.467771;0.694583;0.398008;3461;998
10/29/2012;4;1;10;0;1;1;3;0.44;0.4394;0.88;0.3582;20;2
10/30/2012;4;1;10;0;2;1;2;0.318182;0.309909;0.825455;0.213009;1009;87
10/31/2012;4;1;10;0;3;1;2;0.3575;0.3611;0.666667;0.166667;5147;419
11.01.2012;4;1;11;0;4;1;2;0.365833;0.369942;0.581667;0.157346;5520;466
11.02.2012;4;1;11;0;5;1;1;0.355;0.356042;0.522083;0.266175;5229;618
11.03.2012;4;1;11;0;6;0;2;0.343333;0.323846;0.49125;0.270529;4109;1029
11.04.2012;4;1;11;0;0;0;1;0.325833;0.329538;0.532917;0.179108;3906;1201
11.05.2012;4;1;11;0;1;1;1;0.319167;0.308075;0.494167;0.236325;4881;378
11.06.2012;4;1;11;0;2;1;1;0.280833;0.281567;0.567083;0.173513;5220;466
11.07.2012;4;1;11;0;3;1;2;0.295833;0.274621;0.5475;0.304108;4709;326
11.08.2012;4;1;11;0;4;1;1;0.352174;0.341891;0.333478;0.347835;4975;340
11.09.2012;4;1;11;0;5;1;1;0.361667;0.355413;0.540833;0.214558;5283;709
11.10.2012;4;1;11;0;6;0;1;0.389167;0.393937;0.645417;0.0578458;4446;2090
11.11.2012;4;1;11;0;0;0;1;0.420833;0.421713;0.659167;0.1275;4562;2290
11.12.2012;4;1;11;1;1;0;1;0.485;0.475383;0.741667;0.173517;5172;1097
11/13/2012;4;1;11;0;2;1;2;0.343333;0.323225;0.662917;0.342046;3767;327
11/14/2012;4;1;11;0;3;1;1;0.289167;0.281563;0.552083;0.199625;5122;373
11/15/2012;4;1;11;0;4;1;2;0.321667;0.324492;0.620417;0.152987;5125;320
11/16/2012;4;1;11;0;5;1;1;0.345;0.347204;0.524583;0.171025;5214;484
11/17/2012;4;1;11;0;6;0;1;0.325;0.326383;0.545417;0.179729;4316;1313
11/18/2012;4;1;11;0;0;0;1;0.3425;0.337746;0.692917;0.227612;3747;922
11/19/2012;4;1;11;0;1;1;2;0.380833;0.375621;0.623333;0.235067;5050;449
11/20/2012;4;1;11;0;2;1;2;0.374167;0.380667;0.685;0.082725;5100;534
11/21/2012;4;1;11;0;3;1;1;0.353333;0.364892;0.61375;0.103246;4531;615
11/22/2012;4;1;11;1;4;0;1;0.34;0.350371;0.580417;0.0528708;1470;955
11/23/2012;4;1;11;0;5;1;1;0.368333;0.378779;0.56875;0.148021;2307;1603
11/24/2012;4;1;11;0;6;0;1;0.278333;0.248742;0.404583;0.376871;1745;532
11/25/2012;4;1;11;0;0;0;1;0.245833;0.257583;0.468333;0.1505;2115;309
11/26/2012;4;1;11;0;1;1;1;0.313333;0.339004;0.535417;0.04665;4750;337
11/27/2012;4;1;11;0;2;1;2;0.291667;0.281558;0.786667;0.237562;3836;123
11/28/2012;4;1;11;0;3;1;1;0.296667;0.289762;0.50625;0.210821;5062;198
11/29/2012;4;1;11;0;4;1;1;0.28087;0.298422;0.555652;0.115522;5080;243
11/30/2012;4;1;11;0;5;1;1;0.298333;0.323867;0.649583;0.0584708;5306;362
12.01.2012;4;1;12;0;6;0;2;0.298333;0.316904;0.806667;0.0597042;4240;951
12.02.2012;4;1;12;0;0;0;2;0.3475;0.359208;0.823333;0.124379;3757;892
12.03.2012;4;1;12;0;1;1;1;0.4525;0.455796;0.7675;0.0827208;5679;555
12.04.2012;4;1;12;0;2;1;1;0.475833;0.469054;0.73375;0.174129;6055;551
12.05.2012;4;1;12;0;3;1;1;0.438333;0.428012;0.485;0.324021;5398;331
12.06.2012;4;1;12;0;4;1;1;0.255833;0.258204;0.50875;0.174754;5035;340
12.07.2012;4;1;12;0;5;1;2;0.320833;0.321958;0.764167;0.1306;4659;349
12.08.2012;4;1;12;0;6;0;2;0.381667;0.389508;0.91125;0.101379;4429;1153
12.09.2012;4;1;12;0;0;0;2;0.384167;0.390146;0.905417;0.157975;2787;441
12.10.2012;4;1;12;0;1;1;2;0.435833;0.435575;0.925;0.190308;4841;329
12.11.2012;4;1;12;0;2;1;2;0.353333;0.338363;0.596667;0.296037;5219;282
12.12.2012;4;1;12;0;3;1;2;0.2975;0.297338;0.538333;0.162937;5009;310
12/13/2012;4;1;12;0;4;1;1;0.295833;0.294188;0.485833;0.174129;5107;425
12/14/2012;4;1;12;0;5;1;1;0.281667;0.294192;0.642917;0.131229;5182;429
12/15/2012;4;1;12;0;6;0;1;0.324167;0.338383;0.650417;0.10635;4280;767
12/16/2012;4;1;12;0;0;0;2;0.3625;0.369938;0.83875;0.100742;3248;538
12/17/2012;4;1;12;0;1;1;2;0.393333;0.4015;0.907083;0.0982583;4373;212
12/18/2012;4;1;12;0;2;1;1;0.410833;0.409708;0.66625;0.221404;5124;433
12/19/2012;4;1;12;0;3;1;1;0.3325;0.342162;0.625417;0.184092;4934;333
12/20/2012;4;1;12;0;4;1;2;0.33;0.335217;0.667917;0.132463;3814;314
12/21/2012;1;1;12;0;5;1;2;0.326667;0.301767;0.556667;0.374383;3402;221
12/22/2012;1;1;12;0;6;0;1;0.265833;0.236113;0.44125;0.407346;1544;205
12/23/2012;1;1;12;0;0;0;1;0.245833;0.259471;0.515417;0.133083;1379;408
12/24/2012;1;1;12;0;1;1;2;0.231304;0.2589;0.791304;0.0772304;746;174
12/25/2012;1;1;12;1;2;0;2;0.291304;0.294465;0.734783;0.168726;573;440
12/26/2012;1;1;12;0;3;1;3;0.243333;0.220333;0.823333;0.316546;432;9
12/27/2012;1;1;12;0;4;1;2;0.254167;0.226642;0.652917;0.350133;1867;247
12/28/2012;1;1;12;0;5;1;2;0.253333;0.255046;0.59;0.155471;2451;644
12/29/2012;1;1;12;0;6;0;2;0.253333;0.2424;0.752917;0.124383;1182;159
12/30/2012;1;1;12;0;0;0;1;0.255833;0.2317;0.483333;0.350754;1432;364
12/31/2012;1;1;12;0;1;1;2;0.215833;0.223487;0.5775;0.154846;2290;439
